wait
wait
wait
wait
39 01 00 00 00 00 05 FF AA 55 A5 80
15 01 00 00 00 00 02 6F 01
15 01 00 00 00 00 02 F3 10
39 01 00 00 00 00 05 FF AA 55 A5 00
15 01 00 00 00 00 02 58 01
15 01 00 00 00 00 02 90 00
39 01 00 00 00 00 06 F0 55 AA 52 08 00
15 01 00 00 00 00 02 B4 01
39 01 00 00 00 00 0B B9 02 00 B8 01 D0 00 00 D0 00 00
15 01 00 00 00 00 02 C9 01
39 01 00 00 00 00 10 BD 00 AA 12 24 00 01 56 00 00 01 00 00 00 00 D7
39 01 00 00 00 00 0C BE 00 AA 12 24 00 01 56 00 00 01 00
39 01 00 00 00 00 06 C0 02 00 00 0E 00
39 01 00 00 00 00 06 F0 55 AA 52 08 03
39 01 00 00 00 00 05 B0 0A 0A 0A 0A
39 01 00 00 00 00 05 B1 0A 0A 0A 0A
39 01 00 00 00 00 06 BA 62 00 90 00 00
39 01 00 00 00 00 06 BB 62 00 90 00 00
39 01 00 00 00 00 06 F0 55 AA 52 08 07
15 01 00 00 00 00 02 E3 07
15 01 00 00 00 00 02 EF 02
15 01 00 00 00 00 02 35 00
wait
wait
wait
05 01 00 00 46 00 01 11
wait
wait
wait
wait
wait
wait
wait
05 01 00 00 00 00 01 29
wait
wait
wait
39 01 00 00 00 00 0D 2C FF 00 00 00 FF 00 00 00 FF FF 00 00
