wait
wait
wait
wait
39 01 00 00 00 00 06 F0 55 AA 52 08 07
15 01 00 00 00 00 02 EF 01
39 01 00 00 00 00 06 F0 55 AA 52 08 00
15 01 00 00 00 00 02 B4 01
39 01 00 00 00 00 0B B9 00 00 B8 01 D0 00 00 D0 00 00
39 01 00 00 00 00 06 F0 55 AA 52 08 01
39 01 00 00 00 00 03 D4 88 88
39 01 00 00 00 00 04 D7 00 35 0F
39 01 00 00 00 00 03 BC B9 B9
39 01 00 00 00 00 03 BD 91 91
39 01 00 00 00 00 06 F0 55 AA 52 08 02
39 01 00 00 00 00 11 B0 00 00 00 1B 00 48 00 6D 00 90 00 AA 00 C0 00 D4
39 01 00 00 00 00 11 B1 00 E8 01 25 01 53 01 9A 01 CE 02 19 02 51 02 53
39 01 00 00 00 00 11 B2 02 89 02 C9 02 F2 03 23 03 43 03 6D 03 7A 03 87
39 01 00 00 00 00 0D B3 03 97 03 A5 03 B8 03 C7 03 E3 03 E6
39 01 00 00 00 00 11 B4 01 0A 01 11 01 1F 01 2B 01 37 01 43 01 4F 01 59
39 01 00 00 00 00 11 B5 01 63 01 85 01 A3 01 D3 01 FA 02 35 02 66 02 67
39 01 00 00 00 00 11 B6 02 99 02 D6 02 FD 03 2D 03 4B 03 71 03 7D 03 8A
39 01 00 00 00 00 0D B7 03 99 03 A5 03 B9 03 C7 03 E3 03 E6
39 01 00 00 00 00 11 B8 01 33 01 3A 01 46 01 52 01 5B 01 64 01 6E 01 76
39 01 00 00 00 00 11 B9 01 7F 01 9D 01 B8 01 E2 02 05 02 3D 02 6C 02 6E
39 01 00 00 00 00 11 BA 02 9E 02 DA 03 01 03 2F 03 4D 03 72 03 7E 03 8A
39 01 00 00 00 00 0D BB 03 99 03 A6 03 B9 03 C7 03 E3 03 E6
39 01 00 00 00 00 11 BC 00 00 00 18 00 42 00 64 00 84 00 9B 00 B0 00 C2
39 01 00 00 00 00 11 BD 00 D4 01 0C 01 37 01 78 01 A7 01 F2 02 2F 02 31
39 01 00 00 00 00 11 BE 02 6B 02 A9 02 D1 03 00 03 21 03 4B 03 58 03 66
39 01 00 00 00 00 0D BF 03 76 03 84 03 98 03 A7 03 C4 03 C7
39 01 00 00 00 00 11 C0 00 F3 00 FA 01 06 01 12 01 1D 01 28 01 33 01 3C
39 01 00 00 00 00 11 C1 01 45 01 64 01 7F 01 AC 01 D0 02 10 02 45 02 46
39 01 00 00 00 00 11 C2 02 7B 02 B6 02 DB 03 0A 03 29 03 50 03 5C 03 69
39 01 00 00 00 00 0D C3 03 78 03 85 03 99 03 A7 03 C4 03 C7
39 01 00 00 00 00 11 C4 01 19 01 1F 01 2B 01 35 01 3E 01 46 01 4F 01 57
39 01 00 00 00 00 11 C5 01 5F 01 7A 01 93 01 BA 01 DC 02 19 02 4C 02 4E
39 01 00 00 00 00 11 C6 02 80 02 BA 02 DF 03 0C 03 2B 03 51 03 5D 03 69
39 01 00 00 00 00 0D C7 03 78 03 86 03 99 03 A7 03 C4 03 C7
39 01 00 00 00 00 05 FF AA 55 A5 80
15 01 00 00 00 00 02 6F 01
15 01 00 00 00 00 02 F3 10
39 01 00 00 00 00 05 FF AA 55 A5 00
39 01 00 00 00 00 06 F0 55 AA 52 08 00
15 01 00 00 00 00 02 C9 01
15 01 00 00 00 00 02 90 00
15 01 00 00 00 00 02 58 01
wait
wait
wait
wait
05 01 00 00 00 00 01 29
wait
wait
wait
wait
wait
wait
wait
wait
05 01 00 00 00 00 01 11
